1000 1000
0 1 1000
1 2 999
2 3 998
3 4 997
4 5 996
5 6 995
6 7 994
7 8 993
8 9 992
9 10 991
10 11 990
11 12 989
12 13 988
13 14 987
14 15 986
15 16 985
16 17 984
17 18 983
18 19 982
19 20 981
20 21 980
21 22 979
22 23 978
23 24 977
24 25 976
25 26 975
26 27 974
27 28 973
28 29 972
29 30 971
30 31 970
31 32 969
32 33 968
33 34 967
34 35 966
35 36 965
36 37 964
37 38 963
38 39 962
39 40 961
40 41 960
41 42 959
42 43 958
43 44 957
44 45 956
45 46 955
46 47 954
47 48 953
48 49 952
49 50 951
50 51 950
51 52 949
52 53 948
53 54 947
54 55 946
55 56 945
56 57 944
57 58 943
58 59 942
59 60 941
60 61 940
61 62 939
62 63 938
63 64 937
64 65 936
65 66 935
66 67 934
67 68 933
68 69 932
69 70 931
70 71 930
71 72 929
72 73 928
73 74 927
74 75 926
75 76 925
76 77 924
77 78 923
78 79 922
79 80 921
80 81 920
81 82 919
82 83 918
83 84 917
84 85 916
85 86 915
86 87 914
87 88 913
88 89 912
89 90 911
90 91 910
91 92 909
92 93 908
93 94 907
94 95 906
95 96 905
96 97 904
97 98 903
98 99 902
99 100 901
100 101 900
101 102 899
102 103 898
103 104 897
104 105 896
105 106 895
106 107 894
107 108 893
108 109 892
109 110 891
110 111 890
111 112 889
112 113 888
113 114 887
114 115 886
115 116 885
116 117 884
117 118 883
118 119 882
119 120 881
120 121 880
121 122 879
122 123 878
123 124 877
124 125 876
125 126 875
126 127 874
127 128 873
128 129 872
129 130 871
130 131 870
131 132 869
132 133 868
133 134 867
134 135 866
135 136 865
136 137 864
137 138 863
138 139 862
139 140 861
140 141 860
141 142 859
142 143 858
143 144 857
144 145 856
145 146 855
146 147 854
147 148 853
148 149 852
149 150 851
150 151 850
151 152 849
152 153 848
153 154 847
154 155 846
155 156 845
156 157 844
157 158 843
158 159 842
159 160 841
160 161 840
161 162 839
162 163 838
163 164 837
164 165 836
165 166 835
166 167 834
167 168 833
168 169 832
169 170 831
170 171 830
171 172 829
172 173 828
173 174 827
174 175 826
175 176 825
176 177 824
177 178 823
178 179 822
179 180 821
180 181 820
181 182 819
182 183 818
183 184 817
184 185 816
185 186 815
186 187 814
187 188 813
188 189 812
189 190 811
190 191 810
191 192 809
192 193 808
193 194 807
194 195 806
195 196 805
196 197 804
197 198 803
198 199 802
199 200 801
200 201 800
201 202 799
202 203 798
203 204 797
204 205 796
205 206 795
206 207 794
207 208 793
208 209 792
209 210 791
210 211 790
211 212 789
212 213 788
213 214 787
214 215 786
215 216 785
216 217 784
217 218 783
218 219 782
219 220 781
220 221 780
221 222 779
222 223 778
223 224 777
224 225 776
225 226 775
226 227 774
227 228 773
228 229 772
229 230 771
230 231 770
231 232 769
232 233 768
233 234 767
234 235 766
235 236 765
236 237 764
237 238 763
238 239 762
239 240 761
240 241 760
241 242 759
242 243 758
243 244 757
244 245 756
245 246 755
246 247 754
247 248 753
248 249 752
249 250 751
250 251 750
251 252 749
252 253 748
253 254 747
254 255 746
255 256 745
256 257 744
257 258 743
258 259 742
259 260 741
260 261 740
261 262 739
262 263 738
263 264 737
264 265 736
265 266 735
266 267 734
267 268 733
268 269 732
269 270 731
270 271 730
271 272 729
272 273 728
273 274 727
274 275 726
275 276 725
276 277 724
277 278 723
278 279 722
279 280 721
280 281 720
281 282 719
282 283 718
283 284 717
284 285 716
285 286 715
286 287 714
287 288 713
288 289 712
289 290 711
290 291 710
291 292 709
292 293 708
293 294 707
294 295 706
295 296 705
296 297 704
297 298 703
298 299 702
299 300 701
300 301 700
301 302 699
302 303 698
303 304 697
304 305 696
305 306 695
306 307 694
307 308 693
308 309 692
309 310 691
310 311 690
311 312 689
312 313 688
313 314 687
314 315 686
315 316 685
316 317 684
317 318 683
318 319 682
319 320 681
320 321 680
321 322 679
322 323 678
323 324 677
324 325 676
325 326 675
326 327 674
327 328 673
328 329 672
329 330 671
330 331 670
331 332 669
332 333 668
333 334 667
334 335 666
335 336 665
336 337 664
337 338 663
338 339 662
339 340 661
340 341 660
341 342 659
342 343 658
343 344 657
344 345 656
345 346 655
346 347 654
347 348 653
348 349 652
349 350 651
350 351 650
351 352 649
352 353 648
353 354 647
354 355 646
355 356 645
356 357 644
357 358 643
358 359 642
359 360 641
360 361 640
361 362 639
362 363 638
363 364 637
364 365 636
365 366 635
366 367 634
367 368 633
368 369 632
369 370 631
370 371 630
371 372 629
372 373 628
373 374 627
374 375 626
375 376 625
376 377 624
377 378 623
378 379 622
379 380 621
380 381 620
381 382 619
382 383 618
383 384 617
384 385 616
385 386 615
386 387 614
387 388 613
388 389 612
389 390 611
390 391 610
391 392 609
392 393 608
393 394 607
394 395 606
395 396 605
396 397 604
397 398 603
398 399 602
399 400 601
400 401 600
401 402 599
402 403 598
403 404 597
404 405 596
405 406 595
406 407 594
407 408 593
408 409 592
409 410 591
410 411 590
411 412 589
412 413 588
413 414 587
414 415 586
415 416 585
416 417 584
417 418 583
418 419 582
419 420 581
420 421 580
421 422 579
422 423 578
423 424 577
424 425 576
425 426 575
426 427 574
427 428 573
428 429 572
429 430 571
430 431 570
431 432 569
432 433 568
433 434 567
434 435 566
435 436 565
436 437 564
437 438 563
438 439 562
439 440 561
440 441 560
441 442 559
442 443 558
443 444 557
444 445 556
445 446 555
446 447 554
447 448 553
448 449 552
449 450 551
450 451 550
451 452 549
452 453 548
453 454 547
454 455 546
455 456 545
456 457 544
457 458 543
458 459 542
459 460 541
460 461 540
461 462 539
462 463 538
463 464 537
464 465 536
465 466 535
466 467 534
467 468 533
468 469 532
469 470 531
470 471 530
471 472 529
472 473 528
473 474 527
474 475 526
475 476 525
476 477 524
477 478 523
478 479 522
479 480 521
480 481 520
481 482 519
482 483 518
483 484 517
484 485 516
485 486 515
486 487 514
487 488 513
488 489 512
489 490 511
490 491 510
491 492 509
492 493 508
493 494 507
494 495 506
495 496 505
496 497 504
497 498 503
498 499 502
499 500 501
500 501 500
501 502 499
502 503 498
503 504 497
504 505 496
505 506 495
506 507 494
507 508 493
508 509 492
509 510 491
510 511 490
511 512 489
512 513 488
513 514 487
514 515 486
515 516 485
516 517 484
517 518 483
518 519 482
519 520 481
520 521 480
521 522 479
522 523 478
523 524 477
524 525 476
525 526 475
526 527 474
527 528 473
528 529 472
529 530 471
530 531 470
531 532 469
532 533 468
533 534 467
534 535 466
535 536 465
536 537 464
537 538 463
538 539 462
539 540 461
540 541 460
541 542 459
542 543 458
543 544 457
544 545 456
545 546 455
546 547 454
547 548 453
548 549 452
549 550 451
550 551 450
551 552 449
552 553 448
553 554 447
554 555 446
555 556 445
556 557 444
557 558 443
558 559 442
559 560 441
560 561 440
561 562 439
562 563 438
563 564 437
564 565 436
565 566 435
566 567 434
567 568 433
568 569 432
569 570 431
570 571 430
571 572 429
572 573 428
573 574 427
574 575 426
575 576 425
576 577 424
577 578 423
578 579 422
579 580 421
580 581 420
581 582 419
582 583 418
583 584 417
584 585 416
585 586 415
586 587 414
587 588 413
588 589 412
589 590 411
590 591 410
591 592 409
592 593 408
593 594 407
594 595 406
595 596 405
596 597 404
597 598 403
598 599 402
599 600 401
600 601 400
601 602 399
602 603 398
603 604 397
604 605 396
605 606 395
606 607 394
607 608 393
608 609 392
609 610 391
610 611 390
611 612 389
612 613 388
613 614 387
614 615 386
615 616 385
616 617 384
617 618 383
618 619 382
619 620 381
620 621 380
621 622 379
622 623 378
623 624 377
624 625 376
625 626 375
626 627 374
627 628 373
628 629 372
629 630 371
630 631 370
631 632 369
632 633 368
633 634 367
634 635 366
635 636 365
636 637 364
637 638 363
638 639 362
639 640 361
640 641 360
641 642 359
642 643 358
643 644 357
644 645 356
645 646 355
646 647 354
647 648 353
648 649 352
649 650 351
650 651 350
651 652 349
652 653 348
653 654 347
654 655 346
655 656 345
656 657 344
657 658 343
658 659 342
659 660 341
660 661 340
661 662 339
662 663 338
663 664 337
664 665 336
665 666 335
666 667 334
667 668 333
668 669 332
669 670 331
670 671 330
671 672 329
672 673 328
673 674 327
674 675 326
675 676 325
676 677 324
677 678 323
678 679 322
679 680 321
680 681 320
681 682 319
682 683 318
683 684 317
684 685 316
685 686 315
686 687 314
687 688 313
688 689 312
689 690 311
690 691 310
691 692 309
692 693 308
693 694 307
694 695 306
695 696 305
696 697 304
697 698 303
698 699 302
699 700 301
700 701 300
701 702 299
702 703 298
703 704 297
704 705 296
705 706 295
706 707 294
707 708 293
708 709 292
709 710 291
710 711 290
711 712 289
712 713 288
713 714 287
714 715 286
715 716 285
716 717 284
717 718 283
718 719 282
719 720 281
720 721 280
721 722 279
722 723 278
723 724 277
724 725 276
725 726 275
726 727 274
727 728 273
728 729 272
729 730 271
730 731 270
731 732 269
732 733 268
733 734 267
734 735 266
735 736 265
736 737 264
737 738 263
738 739 262
739 740 261
740 741 260
741 742 259
742 743 258
743 744 257
744 745 256
745 746 255
746 747 254
747 748 253
748 749 252
749 750 251
750 751 250
751 752 249
752 753 248
753 754 247
754 755 246
755 756 245
756 757 244
757 758 243
758 759 242
759 760 241
760 761 240
761 762 239
762 763 238
763 764 237
764 765 236
765 766 235
766 767 234
767 768 233
768 769 232
769 770 231
770 771 230
771 772 229
772 773 228
773 774 227
774 775 226
775 776 225
776 777 224
777 778 223
778 779 222
779 780 221
780 781 220
781 782 219
782 783 218
783 784 217
784 785 216
785 786 215
786 787 214
787 788 213
788 789 212
789 790 211
790 791 210
791 792 209
792 793 208
793 794 207
794 795 206
795 796 205
796 797 204
797 798 203
798 799 202
799 800 201
800 801 200
801 802 199
802 803 198
803 804 197
804 805 196
805 806 195
806 807 194
807 808 193
808 809 192
809 810 191
810 811 190
811 812 189
812 813 188
813 814 187
814 815 186
815 816 185
816 817 184
817 818 183
818 819 182
819 820 181
820 821 180
821 822 179
822 823 178
823 824 177
824 825 176
825 826 175
826 827 174
827 828 173
828 829 172
829 830 171
830 831 170
831 832 169
832 833 168
833 834 167
834 835 166
835 836 165
836 837 164
837 838 163
838 839 162
839 840 161
840 841 160
841 842 159
842 843 158
843 844 157
844 845 156
845 846 155
846 847 154
847 848 153
848 849 152
849 850 151
850 851 150
851 852 149
852 853 148
853 854 147
854 855 146
855 856 145
856 857 144
857 858 143
858 859 142
859 860 141
860 861 140
861 862 139
862 863 138
863 864 137
864 865 136
865 866 135
866 867 134
867 868 133
868 869 132
869 870 131
870 871 130
871 872 129
872 873 128
873 874 127
874 875 126
875 876 125
876 877 124
877 878 123
878 879 122
879 880 121
880 881 120
881 882 119
882 883 118
883 884 117
884 885 116
885 886 115
886 887 114
887 888 113
888 889 112
889 890 111
890 891 110
891 892 109
892 893 108
893 894 107
894 895 106
895 896 105
896 897 104
897 898 103
898 899 102
899 900 101
900 901 100
901 902 99
902 903 98
903 904 97
904 905 96
905 906 95
906 907 94
907 908 93
908 909 92
909 910 91
910 911 90
911 912 89
912 913 88
913 914 87
914 915 86
915 916 85
916 917 84
917 918 83
918 919 82
919 920 81
920 921 80
921 922 79
922 923 78
923 924 77
924 925 76
925 926 75
926 927 74
927 928 73
928 929 72
929 930 71
930 931 70
931 932 69
932 933 68
933 934 67
934 935 66
935 936 65
936 937 64
937 938 63
938 939 62
939 940 61
940 941 60
941 942 59
942 943 58
943 944 57
944 945 56
945 946 55
946 947 54
947 948 53
948 949 52
949 950 51
950 951 50
951 952 49
952 953 48
953 954 47
954 955 46
955 956 45
956 957 44
957 958 43
958 959 42
959 960 41
960 961 40
961 962 39
962 963 38
963 964 37
964 965 36
965 966 35
966 967 34
967 968 33
968 969 32
969 970 31
970 971 30
971 972 29
972 973 28
973 974 27
974 975 26
975 976 25
976 977 24
977 978 23
978 979 22
979 980 21
980 981 20
981 982 19
982 983 18
983 984 17
984 985 16
985 986 15
986 987 14
987 988 13
988 989 12
989 990 11
990 991 10
991 992 9
992 993 8
993 994 7
994 995 6
995 996 5
996 997 4
997 998 3
998 999 2
999 0 1
