100 100
0 1 100
1 2 99
2 3 98
3 4 97
4 5 96
5 6 95
6 7 94
7 8 93
8 9 92
9 10 91
10 11 90
11 12 89
12 13 88
13 14 87
14 15 86
15 16 85
16 17 84
17 18 83
18 19 82
19 20 81
20 21 80
21 22 79
22 23 78
23 24 77
24 25 76
25 26 75
26 27 74
27 28 73
28 29 72
29 30 71
30 31 70
31 32 69
32 33 68
33 34 67
34 35 66
35 36 65
36 37 64
37 38 63
38 39 62
39 40 61
40 41 60
41 42 59
42 43 58
43 44 57
44 45 56
45 46 55
46 47 54
47 48 53
48 49 52
49 50 51
50 51 50
51 52 49
52 53 48
53 54 47
54 55 46
55 56 45
56 57 44
57 58 43
58 59 42
59 60 41
60 61 40
61 62 39
62 63 38
63 64 37
64 65 36
65 66 35
66 67 34
67 68 33
68 69 32
69 70 31
70 71 30
71 72 29
72 73 28
73 74 27
74 75 26
75 76 25
76 77 24
77 78 23
78 79 22
79 80 21
80 81 20
81 82 19
82 83 18
83 84 17
84 85 16
85 86 15
86 87 14
87 88 13
88 89 12
89 90 11
90 91 10
91 92 9
92 93 8
93 94 7
94 95 6
95 96 5
96 97 4
97 98 3
98 99 2
99 0 1
